# Cube Model
# Format: vertex x y z nx ny nz r g b
# Format: face i0 i1 i2

# Front face (z = 0.5) - Red
vertex -0.5 -0.5  0.5  0.0 0.0 1.0  1.0 0.2 0.2
vertex  0.5 -0.5  0.5  0.0 0.0 1.0  1.0 0.2 0.2
vertex  0.5  0.5  0.5  0.0 0.0 1.0  1.0 0.2 0.2
vertex -0.5  0.5  0.5  0.0 0.0 1.0  1.0 0.2 0.2

# Back face (z = -0.5) - Green
vertex  0.5 -0.5 -0.5  0.0 0.0 -1.0  0.2 1.0 0.2
vertex -0.5 -0.5 -0.5  0.0 0.0 -1.0  0.2 1.0 0.2
vertex -0.5  0.5 -0.5  0.0 0.0 -1.0  0.2 1.0 0.2
vertex  0.5  0.5 -0.5  0.0 0.0 -1.0  0.2 1.0 0.2

# Top face (y = 0.5) - Blue
vertex -0.5  0.5  0.5  0.0 1.0 0.0  0.2 0.2 1.0
vertex  0.5  0.5  0.5  0.0 1.0 0.0  0.2 0.2 1.0
vertex  0.5  0.5 -0.5  0.0 1.0 0.0  0.2 0.2 1.0
vertex -0.5  0.5 -0.5  0.0 1.0 0.0  0.2 0.2 1.0

# Bottom face (y = -0.5) - Yellow
vertex -0.5 -0.5 -0.5  0.0 -1.0 0.0  1.0 1.0 0.2
vertex  0.5 -0.5 -0.5  0.0 -1.0 0.0  1.0 1.0 0.2
vertex  0.5 -0.5  0.5  0.0 -1.0 0.0  1.0 1.0 0.2
vertex -0.5 -0.5  0.5  0.0 -1.0 0.0  1.0 1.0 0.2

# Right face (x = 0.5) - Cyan
vertex  0.5 -0.5  0.5  1.0 0.0 0.0  0.2 1.0 1.0
vertex  0.5 -0.5 -0.5  1.0 0.0 0.0  0.2 1.0 1.0
vertex  0.5  0.5 -0.5  1.0 0.0 0.0  0.2 1.0 1.0
vertex  0.5  0.5  0.5  1.0 0.0 0.0  0.2 1.0 1.0

# Left face (x = -0.5) - Magenta
vertex -0.5 -0.5 -0.5  -1.0 0.0 0.0  1.0 0.2 1.0
vertex -0.5 -0.5  0.5  -1.0 0.0 0.0  1.0 0.2 1.0
vertex -0.5  0.5  0.5  -1.0 0.0 0.0  1.0 0.2 1.0
vertex -0.5  0.5 -0.5  -1.0 0.0 0.0  1.0 0.2 1.0

# Faces (triangles, 0-indexed)
face 0  1  2
face 0  2  3
face 4  5  6
face 4  6  7
face 8  9  10
face 8  10 11
face 12 13 14
face 12 14 15
face 16 17 18
face 16 18 19
face 20 21 22
face 20 22 23
